0110011001100110011001100110011001100110011001100
0110011001100110011001100110011001100110011001100
0110011001100110011001100110011001100110011001100
0000000000000000000000000000000000000000000000000
0110011001100110011001100110011001100110011001100
0110011001100110011001100110011001100110011001100
0110011001100110011001100110011001100110011001100
0000000000000000000000000000000000000000000000000
0110011001100110011001100110011001100110011001100
0110011001100110011001100110011001100110011001100
0110011001100110011001100110011001100110011001100
0000000000000000000000000000000000000000000000000
0110011001100110011001100110011001100110011001100
0110011001100110011001100110011001100110011001100
0110011001100110011001100110011001100110011001100
0000000000000000000000000000000000000000000000000
0110011001100110011001100110011001100110011001100
0110011001100110011001100110011001100110011001100
0110011001100110011001100110011001100110011001100
0000000000000000000000000000000000000000000000000
0110011001100110011001100110011001100110011001100
0110011001100110011001100110011001100110011001100
0110011001100110011001100110011001100110011001100
0000000000000000000000000000000000000000000000000
0110011001100110011001100110011001100110011001100
0110011001100110011001100110011001100110011001100
0110011001100110011001100110011001100110011001100
0000000000000000000000000000000000000000000000000
0110011001100110011001100110011001100110011001100
0110011001100110011001100110011001100110011001100
0110011001100110011001100110011001100110011001100
0000000000000000000000000000000000000000000000000